>head(Data2)
    subject activity timeBodyAccelerometer-mean()-X timeBodyAccelerometer-mean()-Y
1         1        1                      0.2773308                   -0.017383819
31        1        2                      0.2554617                   -0.023953149
61        1        3                      0.2891883                   -0.009918505
91        1        4                      0.2612376                   -0.001308288
121       1        5                      0.2789176                   -0.016137590
151       1        6                      0.2215982                   -0.040513953
    timeBodyAccelerometer-mean()-Z timeBodyAccelerometer-std()-X
1                       -0.1111481                   -0.28374026
31                      -0.0973020                   -0.35470803
61                      -0.1075662                    0.03003534
91                      -0.1045442                   -0.97722901
121                     -0.1106018                   -0.99575990
151                     -0.1132036                   -0.92805647
    timeBodyAccelerometer-std()-Y timeBodyAccelerometer-std()-Z
1                     0.114461337                   -0.26002790
31                   -0.002320265                   -0.01947924
61                   -0.031935943                   -0.23043421
91                   -0.922618642                   -0.93958629
121                  -0.973190056                   -0.97977588
151                  -0.836827406                   -0.82606140
    timeGravityAccelerometer-mean()-X timeGravityAccelerometer-mean()-Y
1                           0.9352232                        -0.2821650
31                          0.8933511                        -0.3621534
61                          0.9318744                        -0.2666103
91                          0.8315099                         0.2044116
121                         0.9429520                        -0.2729838
151                        -0.2488818                         0.7055498
    timeGravityAccelerometer-mean()-Z timeGravityAccelerometer-std()-X
1                         -0.06810286                       -0.9766096
31                        -0.07540294                       -0.9563670
61                        -0.06211996                       -0.9505598
91                         0.33204370                       -0.9684571
121                        0.01349058                       -0.9937630
151                        0.44581772                       -0.8968300
    timeGravityAccelerometer-std()-Y timeGravityAccelerometer-std()-Z
1                         -0.9713060                       -0.9477172
31                        -0.9528492                       -0.9123794
61                        -0.9370187                       -0.8959397
91                        -0.9355171                       -0.9490409
121                       -0.9812260                       -0.9763241
151                       -0.9077200                       -0.8523663
    timeBodyAccelerometerJerk-mean()-X timeBodyAccelerometerJerk-mean()-Y
1                           0.07404163                       0.0282721096
31                          0.10137273                       0.0194863076
61                          0.05415532                       0.0296504490
91                          0.07748252                      -0.0006191028
121                         0.07537665                       0.0079757309
151                         0.08108653                       0.0038382040
    timeBodyAccelerometerJerk-mean()-Z timeBodyAccelerometerJerk-std()-X
1                         -0.004168406                       -0.11361560
31                        -0.045562545                       -0.44684389
61                        -0.010971973                       -0.01228386
91                        -0.003367792                       -0.98643071
121                       -0.003685250                       -0.99460454
151                        0.010834236                       -0.95848211
    timeBodyAccelerometerJerk-std()-Y timeBodyAccelerometerJerk-std()-Z
1                           0.0670025                        -0.5026998
31                         -0.3782744                        -0.7065935
61                         -0.1016014                        -0.3457350
91                         -0.9813720                        -0.9879108
121                        -0.9856487                        -0.9922512
151                        -0.9241493                        -0.9548551
    timeBodyGyroscope-mean()-X timeBodyGyroscope-mean()-Y timeBodyGyroscope-mean()-Z
1                  -0.04183096                -0.06953005                 0.08494482
31                  0.05054938                -0.16617002                 0.05835955
61                 -0.03507819                -0.09093713                 0.09008501
91                 -0.04535006                -0.09192415                 0.06293138
121                -0.02398773                -0.05939722                 0.07480075
151                -0.01655309                -0.06448612                 0.14868944
    timeBodyGyroscope-std()-X timeBodyGyroscope-std()-Y timeBodyGyroscope-std()-Z
1                  -0.4735355              -0.054607769                -0.3442666
31                 -0.5448711               0.004105184                -0.5071687
61                 -0.4580305              -0.126349195                -0.1247025
91                 -0.9772113              -0.966473895                -0.9414259
121                -0.9871919              -0.987734440                -0.9806456
151                -0.8735439              -0.951090440                -0.9082847
    timeBodyGyroscopeJerk-mean()-X timeBodyGyroscopeJerk-mean()-Y
1                      -0.08999754                    -0.03984287
31                     -0.12223277                    -0.04214859
61                     -0.07395920                    -0.04399028
91                     -0.09367938                    -0.04021181
121                    -0.09960921                    -0.04406279
151                    -0.10727095                    -0.04151729
    timeBodyGyroscopeJerk-mean()-Z timeBodyGyroscopeJerk-std()-X
1                      -0.04613093                    -0.2074219
31                     -0.04071255                    -0.6147865
61                     -0.02704611                    -0.4870273
91                     -0.04670263                    -0.9917316
121                    -0.04895055                    -0.9929451
151                    -0.07405012                    -0.9186085
    timeBodyGyroscopeJerk-std()-Y timeBodyGyroscopeJerk-std()-Z
1                      -0.3044685                    -0.4042555
31                     -0.6016967                    -0.6063320
61                     -0.2388248                    -0.2687615
91                     -0.9895181                    -0.9879358
121                    -0.9951379                    -0.9921085
151                    -0.9679072                    -0.9577902
    timeBodyAccelerometerMagnitude-mean() timeBodyAccelerometerMagnitude-std()
1                             -0.13697118                          -0.21968865
31                            -0.12992763                          -0.32497093
61                             0.02718829                           0.01988435
91                            -0.94853679                          -0.92707842
121                           -0.98427821                          -0.98194293
151                           -0.84192915                          -0.79514486
    timeGravityAccelerometerMagnitude-mean() timeGravityAccelerometerMagnitude-std()
1                                -0.13697118                             -0.21968865
31                               -0.12992763                             -0.32497093
61                                0.02718829                              0.01988435
91                               -0.94853679                             -0.92707842
121                              -0.98427821                             -0.98194293
151                              -0.84192915                             -0.79514486
    timeBodyAccelerometerJerkMagnitude-mean() timeBodyAccelerometerJerkMagnitude-std()
1                                 -0.14142881                              -0.07447175
31                                -0.46650345                              -0.47899162
61                                -0.08944748                              -0.02578772
91                                -0.98736420                              -0.98412002
121                               -0.99236779                              -0.99309621
151                               -0.95439626                              -0.92824563
    timeBodyGyroscopeMagnitude-mean() timeBodyGyroscopeMagnitude-std()
1                         -0.16097955                       -0.1869784
31                        -0.12673559                       -0.1486193
61                        -0.07574125                       -0.2257244
91                        -0.93089249                       -0.9345318
121                       -0.97649379                       -0.9786900
151                       -0.87475955                       -0.8190102
    timeBodyGyroscopeJerkMagnitude-mean() timeBodyGyroscopeJerkMagnitude-std()
1                              -0.2987037                           -0.3253249
31                             -0.5948829                           -0.6485530
61                             -0.2954638                           -0.3065106
91                             -0.9919763                           -0.9883087
121                            -0.9949668                           -0.9947332
151                            -0.9634610                           -0.9358410
    frequencyBodyAccelerometer-mean()-X frequencyBodyAccelerometer-mean()-Y
1                           -0.20279431                         0.089712726
31                          -0.40432178                        -0.190976721
61                           0.03822918                         0.001549908
91                          -0.97964124                        -0.944084550
121                         -0.99524993                        -0.977070848
151                         -0.93909905                        -0.867065205
    frequencyBodyAccelerometer-mean()-Z frequencyBodyAccelerometer-std()-X
1                            -0.3315601                        -0.31913472
31                           -0.4333497                        -0.33742819
61                           -0.2255745                         0.02433084
91                           -0.9591849                        -0.97641231
121                          -0.9852971                        -0.99602835
151                          -0.8826669                        -0.92443743
    frequencyBodyAccelerometer-std()-Y frequencyBodyAccelerometer-std()-Z
1                           0.05604001                        -0.27968675
31                          0.02176951                         0.08595655
61                         -0.11296374                        -0.29792789
91                         -0.91727501                        -0.93446956
121                        -0.97229310                        -0.97793726
151                        -0.83362556                        -0.81289156
    frequencyBodyAccelerometerJerk-mean()-X frequencyBodyAccelerometerJerk-mean()-Y
1                               -0.17054696                             -0.03522552
31                              -0.47987525                             -0.41344459
61                              -0.02766387                             -0.12866716
91                              -0.98659702                             -0.98157947
121                             -0.99463080                             -0.98541870
151                             -0.95707388                             -0.92246261
    frequencyBodyAccelerometerJerk-mean()-Z frequencyBodyAccelerometerJerk-std()-X
1                                -0.4689992                             -0.1335866
31                               -0.6854744                             -0.4619070
61                               -0.2883347                             -0.0863279
91                               -0.9860531                             -0.9874930
121                              -0.9907522                             -0.9950738
151                              -0.9480609                             -0.9641607
    frequencyBodyAccelerometerJerk-std()-Y frequencyBodyAccelerometerJerk-std()-Z
1                                0.1067399                             -0.5347134
31                              -0.3817771                             -0.7260402
61                              -0.1345800                             -0.4017215
91                              -0.9825139                             -0.9883392
121                             -0.9870182                             -0.9923498
151                             -0.9322179                             -0.9605870
    frequencyBodyGyroscope-mean()-X frequencyBodyGyroscope-mean()-Y
1                        -0.3390322                     -0.10305942
31                       -0.4926117                     -0.31947461
61                       -0.3524496                     -0.05570225
91                       -0.9761615                     -0.97583859
121                      -0.9863868                     -0.98898446
151                      -0.8502492                     -0.95219149
    frequencyBodyGyroscope-mean()-Z frequencyBodyGyroscope-std()-X
1                       -0.25594094                     -0.5166919
31                      -0.45359721                     -0.5658925
61                      -0.03186943                     -0.4954225
91                      -0.95131554                     -0.9779042
121                     -0.98077312                     -0.9874971
151                     -0.90930272                     -0.8822965
    frequencyBodyGyroscope-std()-Y frequencyBodyGyroscope-std()-Z
1                      -0.03350816                     -0.4365622
31                      0.15153891                     -0.5717078
61                     -0.18141473                     -0.2384436
91                     -0.96234504                     -0.9439178
121                    -0.98710773                     -0.9823453
151                    -0.95123205                     -0.9165825
    frequencyBodyAccelerometerMagnitude-mean() frequencyBodyAccelerometerMagnitude-std()
1                                  -0.12862345                                -0.3980326
31                                 -0.35239594                                -0.4162601
61                                  0.09658453                                -0.1865303
91                                 -0.94778292                                -0.9284448
121                                -0.98535636                                -0.9823138
151                                -0.86176765                                -0.7983009
    frequencyBodyAccelerometerJerkMagnitude-mean()
1                                      -0.05711940
31                                     -0.44265216
61                                      0.02621849
91                                     -0.98526213
121                                    -0.99254248
151                                    -0.93330036
    frequencyBodyAccelerometerJerkMagnitude-std() frequencyBodyGyroscopeMagnitude-mean()
1                                      -0.1034924                             -0.1992526
31                                     -0.5330599                             -0.3259615
61                                     -0.1040523                             -0.1857203
91                                     -0.9816062                             -0.9584356
121                                    -0.9925360                             -0.9846176
151                                    -0.9218040                             -0.8621902
    frequencyBodyGyroscopeMagnitude-std() frequencyBodyGyroscopeJerkMagnitude-mean()
1                              -0.3210180                                 -0.3193086
31                             -0.1829855                                 -0.6346651
61                             -0.3983504                                 -0.2819634
91                             -0.9321984                                 -0.9897975
121                            -0.9784661                                 -0.9948154
151                            -0.8243194                                 -0.9423669
    frequencyBodyGyroscopeJerkMagnitude-std()
1                                  -0.3816019
31                                 -0.6939305
61                                 -0.3919199
91                                 -0.9870496
121                                -0.9946711
151                                -0.9326607
> 